0.963695
0.728122
0.668816
0.631699
0.613769
0.597644
0.586744
0.576164
0.566457
0.558511
0.548291
0.539072
0.530552
0.521786
0.517917
0.514222
0.508953
0.507077
0.500537
0.496055
0.489633
0.485857
0.482392
0.478847
0.475056
0.469541
0.464079
0.459822
0.455735
0.453122
0.449673
0.448073
0.442325
0.440944
0.436419
0.429389
0.426543
0.423403
0.420701
0.413409
0.412814
0.409205
0.402543
0.400848
0.395473
0.397689
0.387518
0.385159
0.380672
0.375640
0.372426
0.370820
0.367774
0.363467
0.359231
0.354479
0.353182
0.350331
0.349594
0.347766
0.343772
0.339664
0.340885
0.333367
0.334633
0.332276
0.328912
0.327120
0.323942
0.324296
0.324160
0.317330
0.317605
0.314633
0.316409
0.312735
0.307455
0.314494
0.304343
0.305308
0.303012
0.299492
0.304430
0.294492
0.297744
0.307024
0.288666
0.309865
0.290779
0.293360
0.286672
0.292910
0.284018
0.285458
0.286672
0.283883
0.279763
0.266572
0.258860
0.269760
0.258789
0.265606
0.264834
0.257035
0.253844
0.258917
0.264527
0.256257
0.247548
0.266432
0.246662
0.243133
0.252306
0.244154
0.243549
0.245377
0.248882
0.245488
0.232511
0.233235
0.231375
0.241760
0.229771
0.228958
0.235005
0.230845
0.239965
0.224162
0.224944
0.242297
0.222296
0.238826
0.224931
0.240741
0.238900
0.223340
0.220510
0.215417
0.214230
0.227436
0.206706
0.218507
0.205361
0.218822
0.225638
0.213991
0.211958
0.208728
0.232430
0.211932
0.210025
0.200038
0.205459
0.205874
0.222352
0.204356
0.203841
0.204565
0.214454
0.200915
0.194735
0.204560
0.209236
0.207959
0.195645
0.209326
0.196571
0.195760
0.190333
0.219125
0.199518
0.200683
0.198489
0.190779
0.191040
0.217692
0.188145
0.198968
0.194558
0.196758
0.202988
0.188539
0.185604
0.183024
0.194207
0.181621
0.196321
0.193916
0.192464
0.177153
0.179775
0.185436
0.187638
0.181292
0.172583
0.185531
0.177966
0.183997
0.171772
0.182583
0.178934
0.189192
0.183501
0.173788
0.173533
0.183866
0.187098
0.174020
0.186893
0.183156
0.174336
0.171654
0.172269
0.187762
0.173502
0.186103
0.185464
0.165579
0.203078
0.181929
0.167528
0.172426
0.166118
0.170676
0.178090
0.184049
0.168798
0.180994
0.185747
0.173981
0.175501
0.158458
0.170664
0.160928
0.165082
0.156084
0.163484
0.167606
0.185595
0.158478
0.164928
0.165027
0.165549
0.167127
0.175962
0.163014
0.159042
0.178740
0.154881
0.159931
0.161685
0.167082
0.162541
0.164689
0.150239
0.157181
0.171908
0.155079
0.164221
0.155473
0.165561
0.161944
0.154728
0.155078
0.157439
0.153005
0.184470
0.152459
0.159420
0.156746
0.172035
0.160684
0.153312
0.148513
0.155314
0.158398
0.158221
0.154399
0.155521
0.149365
0.149514
0.155668
0.175071
0.168309
0.163904
0.149019
0.146500
0.153856
0.156380
0.153245
0.152792
0.155144
0.150154
0.157542
0.151893
0.146376
0.145873
0.144932
0.154075
0.145768
0.153118
0.147388
0.142302
0.141339
0.151485
0.159439
0.148884
0.134409
0.134494
0.150434
0.142028
0.148075
0.146073
0.154936
0.145474
0.163328
0.148099
0.137027
0.139059
0.141077
0.145445
0.141287
0.134668
0.149875
0.137890
0.149380
0.138492
0.141005
0.133059
0.133133
0.133820
0.148249
0.134848
0.137174
0.138902
0.142994
0.145748
0.162246
0.132146
0.140863
0.140606
0.136320
0.156671
0.133076
0.134618
0.134220
0.128875
0.145519
0.139887
0.133419
0.128017
0.137130
0.145003
0.127305
0.136926
0.145822
0.148560
0.133362
0.128403
0.129449
0.147048
0.131738
0.128771
0.131825
0.129221
0.136973
0.134109
0.128810
0.130776
0.126984
0.125618
0.141666
0.126141
0.132704
0.129557
0.136888
0.123642
0.129184
0.132378
0.126050
0.132986
0.131832
0.121026
0.126566
0.122269
0.129764
0.114833
0.142993
0.122791
0.128679
0.126036
0.135119
0.139009
0.114393
0.129723
0.126356
0.136791
0.116751
0.127393
0.131343
0.127290
0.118553
0.133647
0.124173
0.124063
0.122591
0.114211
0.141996
0.133201
0.119948
0.114342
0.131084
0.121993
0.117291
0.125858
0.109864
0.114825
0.111732
0.124564
0.117285
0.112691
0.116426
0.126008
0.111516
0.126474
0.112705
0.113222
0.113171
0.118127
0.110826
0.115163
0.112013
0.136961
0.112158
0.123264
0.110720
0.109257
0.113127
0.106239
0.112088
0.116011
0.113865
0.121385
0.111605
0.114276
0.117528
0.109096
0.110513
0.113474
0.105345
0.111809
0.104942
0.124365
0.118426
0.110463
0.125670
0.117346
0.116863
0.110672
0.102584
0.103658
0.109170
0.104415
0.119999
0.105999
0.120481
0.104657
0.105391
0.115866
0.111028
0.104195
0.107130
0.115629
0.111765
0.103705
0.111212
0.106854
0.120665
0.111207
0.107649
0.109716
0.105056
0.110765
0.109241
0.101893
0.106808
0.096653
0.104523
0.101890
0.107131
0.100941
0.111215
0.098599
0.107121
0.105093
0.109412
0.105570
0.107775
0.097142
0.107626
0.100340
0.106994
0.098690
0.101893
0.099971
0.102022
0.103071
0.100572
0.112135
0.104975
0.104724
0.100015
0.110189
0.100933
0.105836
0.102864
0.103235
0.111012
0.099265
0.105967
0.101961
0.101024
0.102436
0.099300
0.106457
0.099330
0.101607
0.103796
0.094090
0.104767
0.095507
0.105876
0.097904
0.104876
0.098750
0.098203
0.108755
0.100261
0.102510
0.099010
0.110960
0.102096
0.090951
0.099146
0.097441
0.096815
0.104166
0.090006
0.095253
0.097002
0.097338
0.093219
0.100764
0.105211
0.104776
0.096290
0.089077
0.095771
0.095474
0.102141
0.104514
0.108920
0.106506
0.094732
0.102999
0.101027
0.101532
0.101722
0.104016
0.094501
0.090335
0.095007
0.096214
0.107332
0.098939
0.103274
0.095089
0.097495
0.089514
0.102402
0.092440
0.107666
0.104105
0.090472
0.093429
0.095288
0.094223
0.098145
0.088664
0.100344
0.100278
0.120463
0.090349
0.092945
0.097981
0.094442
0.093824
0.092366
0.087934
0.088496
0.089799
0.093187
0.093091
0.088712
0.087970
0.098779
0.092667
0.088894
0.092064
0.096320
0.091931
0.091910
0.095083
0.094509
0.088166
0.091796
0.086694
0.094114
0.102072
0.093937
0.084429
0.099164
0.094428
0.088959
0.096406
0.099145
0.093275
0.092272
0.095490
0.096646
0.087584
0.082892
0.095335
0.097749
0.086073
0.092263
0.087263
0.087102
0.094174
0.101854
0.085623
0.095002
0.086586
0.089991
0.093158
0.086369
0.085036
0.103872
0.096931
0.085608
0.083029
0.092150
0.087956
0.098829
0.090900
0.082062
0.097332
0.084388
0.095938
0.084827
0.087971
0.088950
0.083373
0.080891
0.082737
0.101600
0.084727
0.087030
0.084234
0.086895
0.085314
0.083717
0.086866
0.084198
0.090951
0.100239
0.081698
0.088551
0.087363
0.088143
0.084598
0.082242
0.082433
0.079309
0.085293
0.077852
0.083837
0.082589
0.078369
0.082932
0.093320
0.085937
0.076248
0.079799
0.094569
0.076928
0.095360
0.086268
0.084464
0.085314
